173,336817,6595,330281,0
177,336821,6588,330281,0
173,336814,6592,330281,0
173,336765,6486,330281,0
173,336818,6596,330281,0
173,336815,6593,330281,0
173,336817,6595,330281,0
173,336817,6595,330281,0
173,336816,6594,330281,0
175,336833,6599,330281,0
175,336834,6600,330281,0
179,336809,6586,330281,0
173,336814,6592,330281,0
178,336826,6547,330281,0
173,336819,6597,330281,0
173,336820,6598,330281,0
173,336817,6595,330281,0
173,336816,6594,330281,0
173,336809,6586,330281,0
179,336811,6588,330281,0
175,336837,6603,330281,0
174,336795,6568,330281,0
173,336820,6598,330281,0
173,336819,6597,330281,0
173,336818,6596,330281,0
173,336818,6596,330281,0
173,336816,6594,330281,0
175,336834,6600,330281,0
175,336837,6603,330281,0
179,336809,6586,330281,0
173,336813,6591,330281,0
173,336819,6539,330281,0
167,336753,6510,330281,0
179,336862,6585,330281,0
173,336865,6585,330281,0
173,336863,6583,330281,0
173,336863,6583,330281,0
172,336860,6580,330281,0
172,336862,6582,330281,0
173,336820,6598,330281,0
173,336819,6597,330281,0
175,336839,6604,330281,0
173,336814,6591,330281,0
173,336814,6591,330281,0
173,336820,6598,330281,0
173,336820,6598,330281,0
173,336805,6582,330281,0
173,336808,6585,330281,0
174,336845,6589,330281,0
173,336819,6597,330281,0
175,336839,6604,330281,0
175,336839,6604,330281,0
175,336839,6604,330281,0
175,336838,6603,330281,0
173,336820,6598,330281,0
173,336815,6592,330281,0
173,336816,6594,330281,0
173,336816,6594,330281,0
173,336820,6598,330281,0
173,336811,6588,330281,0
175,336834,6599,330281,0
175,336838,6603,330281,0
175,336834,6599,330281,0
173,336810,6587,330281,0
175,336830,6595,330281,0
175,336835,6600,330281,0
175,336829,6594,330281,0
173,336820,6598,330281,0
175,336839,6604,330281,0
173,336820,6598,330281,0
175,336839,6604,330281,0
175,336839,6604,330281,0
173,336819,6597,330281,0
173,336819,6597,330281,0
173,336819,6597,330281,0
173,336819,6597,330281,0
173,336820,6598,330281,0
173,336819,6597,330281,0
173,336819,6597,330281,0
173,336819,6597,330281,0
173,336819,6597,330281,0
173,336819,6597,330281,0
173,336819,6597,330281,0
173,336819,6597,330281,0
173,336819,6597,330281,0
173,336819,6597,330281,0
173,336819,6597,330281,0
173,336819,6597,330281,0
173,336819,6597,330281,0
173,336819,6597,330281,0
173,336819,6597,330281,0
173,336819,6597,330281,0
173,336819,6597,330281,0
173,336819,6597,330281,0
173,336819,6597,330281,0
173,336819,6597,330281,0
173,336819,6597,330281,0
173,336819,6597,330281,0
173,336819,6597,330281,0
173,336819,6597,330281,0
173,336819,6597,330281,0
173,336819,6597,330281,0
173,336819,6597,330281,0
173,336819,6597,330281,0
173,336819,6597,330281,0
175,336839,6604,330281,0
175,336839,6604,330281,0
173,336819,6597,330281,0
175,336839,6604,330281,0
175,336839,6604,330281,0
173,336819,6597,330281,0
175,336839,6604,330281,0
175,336839,6604,330281,0
175,336839,6604,330281,0
175,336839,6604,330281,0
175,336839,6604,330281,0
175,336838,6603,330281,0
173,336819,6597,330281,0
175,336838,6603,330281,0
175,336838,6603,330281,0
175,336838,6603,330281,0
175,336838,6603,330281,0
175,336838,6603,330281,0
175,336838,6603,330281,0
175,336838,6603,330281,0
175,336838,6603,330281,0
175,336838,6603,330281,0
175,336838,6603,330281,0
175,336838,6603,330281,0
175,336838,6603,330281,0
175,336838,6603,330281,0
175,336838,6603,330281,0
175,336838,6603,330281,0
175,336838,6603,330281,0
175,336837,6602,330281,0
173,336820,6598,330281,0
173,336815,6592,330281,0
173,336820,6598,330281,0
175,336835,6600,330281,0
173,336820,6598,330281,0
175,336832,6597,330281,0
173,336820,6598,330281,0
173,336820,6598,330281,0
175,336836,6601,330281,0
173,336813,6590,330281,0
175,336831,6596,330281,0
175,336831,6596,330281,0
175,336816,6581,330281,0
173,336819,6597,330281,0
173,336819,6597,330281,0
175,336839,6605,330281,0
173,336818,6596,330281,0
175,336827,6592,330281,0
173,336820,6598,330281,0
173,336820,6598,330281,0
173,336819,6597,330281,0
173,336819,6597,330281,0
173,336819,6596,330281,0
173,336819,6597,330281,0
173,336819,6597,330281,0
173,336819,6597,330281,0
175,336839,6604,330281,0
175,336839,6604,330281,0
175,336839,6604,330281,0
175,336839,6604,330281,0
175,336839,6604,330281,0
175,336839,6604,330281,0
175,336839,6604,330281,0
173,336818,6595,330281,0
175,336839,6604,330281,0
175,336839,6604,330281,0
175,336839,6604,330281,0
175,336839,6604,330281,0
175,336839,6604,330281,0
175,336839,6604,330281,0
175,336839,6604,330281,0
175,336839,6604,330281,0
175,336839,6604,330281,0
173,336819,6597,330281,0
173,336819,6597,330281,0
175,336839,6604,330281,0
173,336818,6595,330281,0
173,336818,6595,330281,0
175,336839,6604,330281,0
175,336838,6603,330281,0
175,336838,6603,330281,0
175,336838,6603,330281,0
175,336838,6603,330281,0
175,336838,6603,330281,0
175,336838,6603,330281,0
175,336838,6603,330281,0
175,336838,6603,330281,0
175,336838,6603,330281,0
175,336838,6603,330281,0
175,336838,6603,330281,0
175,336838,6603,330281,0
175,336838,6603,330281,0
175,336838,6603,330281,0
175,336838,6603,330281,0
175,336838,6603,330281,0
175,336838,6603,330281,0
175,336838,6603,330281,0
175,336838,6603,330281,0
175,336838,6603,330281,0
175,336838,6603,330281,0
175,336838,6603,330281,0
173,336815,6592,330281,0
175,336838,6603,330281,0
175,336838,6603,330281,0
173,336815,6593,330281,0
173,336814,6591,330281,0
173,336820,6598,330281,0
175,336838,6603,330281,0
175,336834,6599,330281,0
175,336834,6599,330281,0
175,336834,6599,330281,0
173,336820,6598,330281,0
175,336838,6603,330281,0
175,336834,6599,330281,0
173,336820,6598,330281,0
173,336816,6594,330281,0
173,336817,6594,330281,0
173,336818,6596,330281,0
173,336817,6594,330281,0
175,336777,6501,330281,0
168,336729,6460,330281,0
173,336820,6598,330281,0
175,336839,6604,330281,0
175,336837,6602,330281,0
175,336837,6602,330281,0
175,336837,6602,330281,0
175,336837,6602,330281,0
175,336837,6602,330281,0
175,336837,6602,330281,0
175,336837,6602,330281,0
173,336818,6596,330281,0
173,336819,6597,330281,0
175,336837,6602,330281,0
173,336816,6593,330281,0
173,336820,6598,330281,0
173,336818,6595,330281,0
173,336814,6591,330281,0
173,336818,6596,330281,0
173,336819,6597,330281,0
173,336820,6598,330281,0
175,336836,6601,330281,0
173,336819,6596,330281,0
173,336818,6595,330281,0
173,336820,6598,330281,0
175,336835,6600,330281,0
173,336820,6598,330281,0
173,336814,6591,330281,0
173,336815,6592,330281,0
175,336829,6594,330281,0
173,336820,6598,330281,0
175,336838,6603,330281,0
173,336815,6592,330281,0
175,336830,6595,330281,0
173,336814,6591,330281,0
179,336810,6589,330281,0
173,336820,6598,330281,0
173,336820,6598,330281,0
175,336830,6595,330281,0
175,336819,6584,330281,0
175,336833,6598,330281,0
175,336829,6594,330281,0
175,336833,6598,330281,0
175,336833,6598,330281,0
173,336811,6588,330281,0
170,336848,6585,330281,0
173,336819,6597,330281,0
173,336819,6597,330281,0
173,336817,6595,330281,0
173,336817,6595,330281,0
173,336811,6588,330281,0
169,336828,6549,330281,0
173,336814,6592,330281,0
178,336783,6504,330281,0
173,336820,6598,330281,0
175,336839,6604,330281,0
173,336820,6598,330281,0
173,336819,6596,330281,0
173,336818,6595,330281,0
175,336838,6603,330281,0
175,336839,6604,330281,0
173,336818,6595,330281,0
173,336819,6596,330281,0
175,336833,6598,330281,0
173,336818,6596,330281,0
173,336819,6597,330281,0
175,336834,6599,330281,0
173,336815,6593,330281,0
175,336835,6600,330281,0
175,336838,6603,330281,0
175,336837,6602,330281,0
175,336837,6602,330281,0
173,336814,6591,330281,0
175,336832,6597,330281,0
173,336815,6592,330281,0
173,336820,6598,330281,0
173,336820,6598,330281,0
173,336819,6597,330281,0
173,336820,6598,330281,0
173,336820,6598,330281,0
173,336815,6593,330281,0
173,336815,6592,330281,0
173,336820,6598,330281,0
175,336832,6598,330281,0
173,336812,6589,330281,0
175,336833,6598,330281,0
175,336832,6597,330281,0
173,336813,6590,330281,0
175,336833,6598,330281,0
173,336816,6593,330281,0
175,336824,6589,330281,0
175,336827,6592,330281,0
173,336820,6598,330281,0
170,336838,6575,330281,0
178,336737,6572,330281,0
170,336829,6566,330281,0
181,336836,6556,330281,0
173,336803,6580,330281,0
175,336826,6591,330281,0
175,336825,6590,330281,0
170,336781,6556,330281,0
175,336826,6591,330281,0
175,336822,6587,330281,0
179,336776,6556,330281,0
179,336772,6547,330281,0
181,336845,6565,330281,0
180,336802,6561,330281,0
173,336798,6575,330281,0
173,336817,6595,330281,0
175,336822,6587,330281,0
180,336805,6564,330281,0
182,336788,6568,330281,0
180,336808,6572,330281,0
181,336831,6551,330281,0
172,336774,6495,330281,0
180,336719,6478,330281,0
173,336820,6598,330281,0
173,336819,6597,330281,0
173,336819,6597,330281,0
175,336838,6603,330281,0
173,336820,6598,330281,0
173,336818,6596,330281,0
173,336818,6596,330281,0
173,336818,6596,330281,0
175,336837,6602,330281,0
173,336818,6596,330281,0
175,336837,6602,330281,0
173,336816,6593,330281,0
175,336837,6602,330281,0
175,336837,6602,330281,0
173,336815,6593,330281,0
173,336818,6596,330281,0
175,336835,6600,330281,0
175,336835,6600,330281,0
173,336814,6592,330281,0
173,336817,6595,330281,0
173,336816,6594,330281,0
173,336826,6587,330281,0
175,336835,6600,330281,0
173,336803,6580,330281,0
173,336815,6592,330281,0
173,336803,6580,330281,0
173,336793,6570,330281,0
180,336818,6577,330281,0
173,336803,6580,330281,0
173,336820,6598,330281,0
175,336827,6592,330281,0
173,336813,6590,330281,0
181,336837,6557,330281,0
175,336831,6596,330281,0
180,336809,6568,330281,0
173,336801,6578,330281,0
180,336811,6570,330281,0
173,336816,6594,330281,0
177,336787,6508,330281,0
182,336846,6567,330281,0
173,336814,6591,330281,0
178,336727,6562,330281,0
175,336823,6588,330281,0
181,336717,6497,330281,0
173,336804,6581,330281,0
170,336740,6503,330281,0
178,336729,6564,330281,0
169,336736,6497,330281,0
177,336827,6570,330281,0
181,336831,6551,330281,0
169,336785,6559,330281,0
180,336798,6542,330281,0
178,336846,6566,330281,0
172,336809,6529,330281,0
169,336822,6543,330281,0
170,336851,6588,330281,0
177,336827,6548,330281,0
173,336623,6460,330281,0
173,336820,6598,330281,0
173,336820,6598,330281,0
173,336820,6598,330281,0
173,336819,6597,330281,0
173,336819,6596,330281,0
173,336810,6587,330281,0
173,336818,6595,330281,0
173,336819,6596,330281,0
173,336814,6591,330281,0
175,336833,6598,330281,0
176,336636,6465,330281,0
173,336819,6597,330281,0
173,336819,6597,330281,0
173,336815,6593,330281,0
173,336811,6589,330281,0
175,336836,6602,330281,0
179,336811,6588,330281,0
173,336811,6588,330281,0
170,336820,6541,330281,0
173,336812,6590,330281,0
183,336746,6492,330281,0
173,336820,6598,330281,0
181,336831,6551,330281,0
175,336775,6495,330281,0
177,336880,6602,330281,0
173,336819,6596,330281,0
173,336820,6598,330281,0
173,336820,6598,330281,0
173,336818,6596,330281,0
173,336819,6597,330281,0
173,336818,6596,330281,0
175,336839,6604,330281,0
173,336818,6596,330281,0
173,336816,6593,330281,0
173,336818,6596,330281,0
173,336816,6593,330281,0
173,336818,6596,330281,0
173,336816,6594,330281,0
175,336838,6603,330281,0
173,336820,6598,330281,0
180,336838,6591,330281,0
175,336834,6599,330281,0
175,336834,6599,330281,0
173,336815,6592,330281,0
175,336836,6601,330281,0
180,336836,6589,330281,0
180,336836,6589,330281,0
180,336836,6589,330281,0
175,336834,6599,330281,0
173,336814,6592,330281,0
177,336878,6600,330281,0
173,336812,6589,330281,0
175,336838,6603,330281,0
173,336812,6589,330281,0
175,336832,6597,330281,0
173,336812,6589,330281,0
173,336812,6589,330281,0
173,336812,6589,330281,0
175,336834,6599,330281,0
173,336817,6595,330281,0
185,336738,6577,330281,0
185,336739,6578,330281,0
173,336820,6598,330281,0
175,336833,6598,330281,0
173,336817,6595,330281,0
175,336834,6599,330281,0
173,336817,6595,330281,0
173,336814,6592,330281,0
173,336817,6595,330281,0
173,336817,6595,330281,0
173,336815,6593,330281,0
173,336817,6595,330281,0
173,336814,6592,330281,0
173,336814,6592,330281,0
173,336814,6592,330281,0
173,336814,6592,330281,0
173,336806,6583,330281,0
173,336806,6583,330281,0
173,336805,6582,330281,0
184,336817,6580,330281,0
174,336794,6573,330281,0
173,336814,6591,330281,0
173,336800,6577,330281,0
172,336846,6591,330281,0
172,336843,6588,330281,0
175,336806,6584,330281,0
175,336803,6581,330281,0
175,336804,6582,330281,0
169,336838,6559,330281,0
175,336808,6586,330281,0
173,336802,6579,330281,0
186,336815,6536,330281,0
186,336815,6536,330281,0
186,336817,6538,330281,0
181,336827,6562,330281,0
173,336811,6588,330281,0
181,336830,6558,330281,0
175,336768,6545,330281,0
169,336827,6548,330281,0
187,336760,6528,330281,0
178,336719,6474,330281,0
175,336707,6487,330281,0
170,336748,6477,330281,0
183,336734,6455,330281,0
183,336725,6496,330281,0
182,336580,6411,330281,0
180,336712,6461,330281,0
180,336693,6522,330281,0
173,336820,6598,330281,0
173,336818,6596,330281,0
173,336817,6595,330281,0
173,336815,6593,330281,0
173,336817,6595,330281,0
173,336811,6589,330281,0
173,336816,6594,330281,0
179,336811,6588,330281,0
173,336814,6592,330281,0
176,336807,6546,330281,0
173,336820,6598,330281,0
173,336820,6598,330281,0
173,336820,6598,330281,0
173,336820,6598,330281,0
173,336820,6598,330281,0
173,336820,6598,330281,0
173,336820,6598,330281,0
173,336820,6598,330281,0
173,336820,6598,330281,0
173,336820,6598,330281,0
173,336820,6598,330281,0
173,336819,6597,330281,0
173,336820,6598,330281,0
173,336820,6598,330281,0
173,336820,6598,330281,0
173,336820,6598,330281,0
173,336820,6598,330281,0
173,336820,6598,330281,0
173,336820,6598,330281,0
173,336820,6598,330281,0
173,336820,6598,330281,0
173,336820,6598,330281,0
173,336820,6598,330281,0
173,336818,6596,330281,0
173,336818,6596,330281,0
173,336818,6596,330281,0
173,336818,6596,330281,0
173,336818,6596,330281,0
173,336818,6596,330281,0
173,336818,6596,330281,0
173,336818,6596,330281,0
173,336818,6596,330281,0
173,336818,6596,330281,0
173,336818,6596,330281,0
173,336818,6596,330281,0
173,336818,6596,330281,0
173,336818,6596,330281,0
173,336818,6596,330281,0
173,336818,6596,330281,0
173,336818,6596,330281,0
173,336818,6596,330281,0
173,336818,6596,330281,0
173,336818,6596,330281,0
173,336818,6596,330281,0
173,336818,6596,330281,0
173,336818,6596,330281,0
173,336818,6596,330281,0
173,336818,6596,330281,0
173,336818,6596,330281,0
173,336818,6596,330281,0
173,336818,6596,330281,0
173,336818,6596,330281,0
173,336818,6596,330281,0
173,336818,6596,330281,0
173,336818,6596,330281,0
173,336818,6596,330281,0
173,336818,6596,330281,0
173,336818,6596,330281,0
173,336818,6596,330281,0
173,336818,6596,330281,0
173,336818,6596,330281,0
173,336818,6596,330281,0
173,336818,6596,330281,0
173,336818,6596,330281,0
173,336818,6596,330281,0
173,336818,6596,330281,0
173,336818,6596,330281,0
173,336818,6596,330281,0
173,336818,6596,330281,0
173,336819,6597,330281,0
173,336816,6593,330281,0
173,336816,6594,330281,0
173,336816,6593,330281,0
173,336816,6594,330281,0
173,336816,6593,330281,0
173,336816,6594,330281,0
173,336816,6594,330281,0
173,336816,6594,330281,0
173,336816,6594,330281,0
173,336816,6594,330281,0
173,336816,6594,330281,0
173,336816,6594,330281,0
173,336816,6594,330281,0
173,336816,6594,330281,0
173,336816,6594,330281,0
173,336816,6594,330281,0
173,336816,6594,330281,0
173,336816,6594,330281,0
173,336816,6594,330281,0
173,336816,6594,330281,0
173,336816,6594,330281,0
173,336816,6594,330281,0
173,336816,6594,330281,0
173,336816,6594,330281,0
173,336816,6594,330281,0
173,336816,6594,330281,0
173,336815,6592,330281,0
173,336816,6594,330281,0
173,336816,6594,330281,0
173,336816,6594,330281,0
173,336816,6594,330281,0
173,336816,6594,330281,0
173,336816,6594,330281,0
173,336816,6594,330281,0
173,336816,6594,330281,0
173,336816,6594,330281,0
173,336816,6594,330281,0
173,336816,6594,330281,0
173,336815,6592,330281,0
173,336815,6592,330281,0
173,336816,6594,330281,0
173,336815,6592,330281,0
173,336815,6592,330281,0
173,336815,6592,330281,0
173,336815,6592,330281,0
173,336816,6594,330281,0
173,336813,6590,330281,0
173,336813,6590,330281,0
173,336813,6590,330281,0
173,336813,6590,330281,0
173,336813,6590,330281,0
173,336813,6590,330281,0
173,336813,6590,330281,0
173,336813,6590,330281,0
173,336813,6590,330281,0
173,336813,6590,330281,0
173,336813,6590,330281,0
173,336813,6590,330281,0
173,336813,6590,330281,0
173,336813,6590,330281,0
173,336813,6590,330281,0
173,336813,6590,330281,0
173,336813,6590,330281,0
173,336814,6591,330281,0
173,336813,6590,330281,0
173,336813,6590,330281,0
173,336813,6590,330281,0
173,336813,6590,330281,0
173,336813,6590,330281,0
173,336813,6590,330281,0
173,336813,6590,330281,0
173,336813,6590,330281,0
173,336814,6591,330281,0
173,336813,6590,330281,0
173,336813,6590,330281,0
173,336813,6590,330281,0
173,336813,6590,330281,0
173,336813,6590,330281,0
173,336813,6590,330281,0
173,336813,6590,330281,0
173,336813,6590,330281,0
173,336813,6590,330281,0
173,336813,6590,330281,0
173,336813,6590,330281,0
173,336813,6590,330281,0
173,336813,6590,330281,0
173,336813,6590,330281,0
173,336813,6590,330281,0
173,336813,6590,330281,0
173,336813,6590,330281,0
173,336813,6590,330281,0
173,336813,6590,330281,0
173,336813,6590,330281,0
173,336813,6590,330281,0
173,336813,6590,330281,0
173,336813,6590,330281,0
173,336813,6590,330281,0
173,336813,6590,330281,0
173,336813,6590,330281,0
173,336813,6590,330281,0
173,336813,6590,330281,0
173,336813,6590,330281,0
173,336813,6590,330281,0
173,336813,6590,330281,0
173,336813,6590,330281,0
173,336813,6590,330281,0
173,336813,6590,330281,0
173,336813,6590,330281,0
173,336813,6590,330281,0
173,336813,6590,330281,0
173,336813,6590,330281,0
173,336813,6590,330281,0
173,336813,6590,330281,0
173,336812,6589,330281,0
173,336813,6590,330281,0
173,336812,6589,330281,0
173,336813,6590,330281,0
173,336813,6590,330281,0
173,336813,6590,330281,0
173,336812,6589,330281,0
173,336812,6589,330281,0
173,336812,6589,330281,0
173,336812,6589,330281,0
173,336812,6589,330281,0
173,336812,6589,330281,0
173,336812,6589,330281,0
173,336812,6589,330281,0
173,336812,6589,330281,0
173,336812,6589,330281,0
173,336812,6589,330281,0
173,336812,6589,330281,0
173,336812,6589,330281,0
173,336812,6589,330281,0
173,336812,6589,330281,0
173,336812,6589,330281,0
173,336812,6589,330281,0
173,336812,6589,330281,0
173,336812,6589,330281,0
173,336812,6589,330281,0
173,336812,6589,330281,0
173,336812,6589,330281,0
173,336812,6589,330281,0
173,336812,6589,330281,0
173,336812,6589,330281,0
173,336812,6589,330281,0
173,336812,6589,330281,0
173,336812,6589,330281,0
173,336812,6589,330281,0
173,336812,6589,330281,0
173,336812,6589,330281,0
173,336812,6589,330281,0
173,336812,6589,330281,0
173,336812,6589,330281,0
173,336812,6589,330281,0
173,336812,6589,330281,0
173,336812,6589,330281,0
173,336812,6589,330281,0
173,336812,6589,330281,0
173,336812,6589,330281,0
173,336812,6589,330281,0
173,336812,6589,330281,0
173,336812,6589,330281,0
173,336812,6589,330281,0
173,336812,6589,330281,0
173,336812,6589,330281,0
173,336812,6589,330281,0
173,336812,6589,330281,0
173,336812,6589,330281,0
173,336812,6589,330281,0
173,336812,6589,330281,0
173,336812,6589,330281,0
173,336812,6589,330281,0
173,336812,6589,330281,0
173,336812,6589,330281,0
173,336812,6589,330281,0
173,336812,6589,330281,0
173,336812,6589,330281,0
173,336812,6589,330281,0
173,336812,6589,330281,0
173,336812,6589,330281,0
173,336812,6589,330281,0
173,336812,6589,330281,0
173,336812,6589,330281,0
173,336812,6589,330281,0
173,336812,6589,330281,0
175,336832,6597,330281,0
173,336812,6589,330281,0
173,336813,6590,330281,0
173,336812,6589,330281,0
173,336812,6589,330281,0
173,336812,6589,330281,0
173,336812,6589,330281,0
173,336812,6589,330281,0
173,336812,6589,330281,0
173,336812,6589,330281,0
173,336812,6589,330281,0
173,336813,6590,330281,0
173,336812,6589,330281,0
173,336812,6589,330281,0
173,336812,6589,330281,0
173,336812,6589,330281,0
173,336812,6589,330281,0
173,336812,6589,330281,0
173,336812,6589,330281,0
173,336802,6579,330281,0
180,336755,6476,330281,0
173,336819,6597,330281,0
173,336815,6593,330281,0
173,336817,6595,330281,0
173,336817,6595,330281,0
175,336834,6600,330281,0
175,336833,6599,330281,0
179,336811,6588,330281,0
176,336830,6551,330281,0
175,336833,6599,330281,0
173,336819,6597,330281,0
173,336819,6597,330281,0
173,336819,6597,330281,0
173,336819,6597,330281,0
173,336819,6597,330281,0
173,336819,6597,330281,0
173,336819,6597,330281,0
173,336819,6597,330281,0
173,336820,6598,330281,0
173,336819,6597,330281,0
173,336818,6596,330281,0
173,336819,6596,330281,0
173,336818,6596,330281,0
173,336818,6596,330281,0
173,336818,6596,330281,0
173,336817,6594,330281,0
175,336837,6602,330281,0
175,336837,6602,330281,0
175,336837,6602,330281,0
175,336837,6602,330281,0
175,336836,6601,330281,0
175,336837,6602,330281,0
175,336837,6602,330281,0
175,336837,6602,330281,0
175,336837,6602,330281,0
175,336837,6602,330281,0
175,336837,6602,330281,0
175,336837,6602,330281,0
175,336837,6602,330281,0
175,336837,6602,330281,0
175,336837,6602,330281,0
175,336836,6601,330281,0
175,336836,6601,330281,0
173,336816,6594,330281,0
175,336836,6601,330281,0
175,336836,6601,330281,0
175,336836,6601,330281,0
175,336836,6601,330281,0
175,336836,6601,330281,0
175,336836,6601,330281,0
175,336836,6601,330281,0
175,336836,6601,330281,0
175,336836,6601,330281,0
175,336836,6601,330281,0
175,336836,6601,330281,0
175,336836,6601,330281,0
173,336817,6595,330281,0
173,336817,6595,330281,0
173,336816,6594,330281,0
173,336816,6594,330281,0
173,336816,6594,330281,0
173,336816,6594,330281,0
173,336816,6593,330281,0
173,336816,6593,330281,0
173,336816,6594,330281,0
173,336816,6594,330281,0
173,336814,6591,330281,0
175,336834,6599,330281,0
175,336836,6601,330281,0
175,336834,6599,330281,0
175,336834,6599,330281,0
175,336834,6599,330281,0
175,336834,6599,330281,0
175,336834,6599,330281,0
175,336834,6599,330281,0
175,336834,6599,330281,0
175,336834,6599,330281,0
175,336834,6599,330281,0
175,336834,6599,330281,0
175,336834,6599,330281,0
175,336834,6599,330281,0
175,336834,6599,330281,0
175,336834,6599,330281,0
175,336834,6599,330281,0
175,336834,6599,330281,0
175,336834,6599,330281,0
175,336834,6599,330281,0
175,336834,6599,330281,0
175,336834,6599,330281,0
175,336834,6599,330281,0
175,336834,6599,330281,0
175,336834,6599,330281,0
175,336834,6599,330281,0
175,336834,6599,330281,0
175,336834,6599,330281,0
175,336834,6599,330281,0
175,336834,6599,330281,0
175,336834,6599,330281,0
175,336834,6599,330281,0
175,336834,6599,330281,0
175,336834,6599,330281,0
175,336834,6599,330281,0
175,336834,6599,330281,0
175,336834,6599,330281,0
175,336834,6599,330281,0
175,336834,6599,330281,0
175,336834,6599,330281,0
175,336834,6599,330281,0
175,336834,6599,330281,0
175,336834,6599,330281,0
175,336834,6599,330281,0
175,336834,6599,330281,0
175,336834,6599,330281,0
175,336834,6599,330281,0
175,336834,6599,330281,0
175,336834,6599,330281,0
175,336834,6599,330281,0
175,336834,6599,330281,0
175,336835,6600,330281,0
175,336834,6599,330281,0
175,336834,6599,330281,0
175,336834,6599,330281,0
175,336834,6599,330281,0
175,336834,6599,330281,0
175,336834,6599,330281,0
175,336834,6599,330281,0
175,336835,6600,330281,0
175,336834,6599,330281,0
175,336835,6600,330281,0
175,336834,6599,330281,0
175,336835,6600,330281,0
175,336834,6599,330281,0
175,336834,6599,330281,0
175,336834,6599,330281,0
175,336834,6599,330281,0
175,336834,6599,330281,0
175,336834,6599,330281,0
175,336834,6599,330281,0
175,336834,6599,330281,0
175,336834,6599,330281,0
175,336834,6599,330281,0
175,336834,6599,330281,0
175,336834,6599,330281,0
175,336834,6599,330281,0
175,336834,6599,330281,0
175,336834,6599,330281,0
175,336834,6599,330281,0
175,336834,6599,330281,0
175,336834,6599,330281,0
175,336834,6599,330281,0
175,336834,6599,330281,0
175,336834,6599,330281,0
175,336834,6599,330281,0
175,336834,6599,330281,0
175,336834,6599,330281,0
175,336834,6599,330281,0
175,336834,6599,330281,0
175,336834,6599,330281,0
175,336834,6599,330281,0
175,336834,6599,330281,0
175,336834,6599,330281,0
175,336834,6599,330281,0
175,336834,6599,330281,0
175,336834,6599,330281,0
175,336834,6599,330281,0
175,336834,6599,330281,0
175,336834,6599,330281,0
175,336834,6599,330281,0
175,336834,6599,330281,0
175,336834,6599,330281,0
175,336834,6599,330281,0
175,336834,6599,330281,0
175,336834,6599,330281,0
175,336834,6599,330281,0
175,336834,6599,330281,0
175,336834,6599,330281,0
175,336834,6599,330281,0
175,336834,6599,330281,0
175,336834,6599,330281,0
175,336834,6599,330281,0
175,336834,6599,330281,0
175,336834,6599,330281,0
175,336834,6599,330281,0
175,336834,6599,330281,0
175,336834,6599,330281,0
175,336834,6599,330281,0
175,336834,6599,330281,0
175,336834,6599,330281,0
175,336834,6599,330281,0
175,336834,6599,330281,0
175,336834,6599,330281,0
175,336834,6599,330281,0
175,336834,6599,330281,0
175,336834,6599,330281,0
175,336834,6599,330281,0
175,336834,6599,330281,0
175,336834,6599,330281,0
175,336834,6599,330281,0
175,336834,6599,330281,0
175,336834,6599,330281,0
175,336834,6599,330281,0
175,336834,6599,330281,0
175,336834,6599,330281,0
175,336834,6599,330281,0
175,336834,6599,330281,0
175,336834,6599,330281,0
175,336834,6599,330281,0
175,336834,6599,330281,0
175,336834,6599,330281,0
175,336834,6599,330281,0
175,336834,6599,330281,0
175,336834,6599,330281,0
175,336834,6599,330281,0
175,336834,6599,330281,0
175,336834,6599,330281,0
175,336834,6599,330281,0
175,336834,6599,330281,0
175,336834,6599,330281,0
175,336834,6599,330281,0
175,336834,6599,330281,0
175,336834,6599,330281,0
175,336834,6599,330281,0
175,336834,6599,330281,0
175,336834,6599,330281,0
175,336834,6599,330281,0
175,336834,6599,330281,0
175,336834,6599,330281,0
175,336834,6599,330281,0
175,336834,6599,330281,0
175,336834,6599,330281,0
175,336834,6599,330281,0
175,336834,6599,330281,0
175,336834,6599,330281,0
175,336834,6599,330281,0
175,336834,6599,330281,0
175,336834,6599,330281,0
175,336834,6599,330281,0
175,336834,6599,330281,0
175,336834,6599,330281,0
175,336834,6599,330281,0
175,336834,6599,330281,0
175,336834,6599,330281,0
175,336834,6599,330281,0
175,336834,6599,330281,0
175,336834,6599,330281,0
175,336834,6599,330281,0
175,336834,6599,330281,0
175,336834,6599,330281,0
175,336834,6599,330281,0
175,336834,6599,330281,0
175,336834,6599,330281,0
175,336834,6599,330281,0
175,336834,6599,330281,0
175,336834,6599,330281,0
175,336834,6599,330281,0
175,336834,6599,330281,0
175,336834,6599,330281,0
175,336834,6599,330281,0
175,336834,6599,330281,0
175,336834,6599,330281,0
175,336834,6599,330281,0
175,336834,6599,330281,0
175,336834,6599,330281,0
175,336834,6599,330281,0
175,336834,6599,330281,0
175,336834,6599,330281,0
175,336834,6599,330281,0
175,336834,6599,330281,0
175,336834,6599,330281,0
175,336834,6599,330281,0
175,336834,6599,330281,0
175,336834,6599,330281,0
175,336834,6599,330281,0
175,336834,6599,330281,0
175,336834,6599,330281,0
175,336834,6599,330281,0
175,336834,6599,330281,0
175,336834,6599,330281,0
175,336834,6599,330281,0
175,336834,6599,330281,0
175,336834,6599,330281,0
175,336834,6599,330281,0
175,336834,6599,330281,0
175,336834,6599,330281,0
175,336834,6599,330281,0
175,336834,6599,330281,0
175,336834,6599,330281,0
175,336834,6599,330281,0
175,336834,6599,330281,0
175,336834,6599,330281,0
175,336834,6599,330281,0
175,336834,6599,330281,0
175,336834,6599,330281,0
175,336834,6599,330281,0
175,336834,6599,330281,0
175,336834,6599,330281,0
175,336834,6599,330281,0
175,336834,6599,330281,0
175,336834,6599,330281,0
175,336834,6599,330281,0
175,336834,6599,330281,0
175,336834,6599,330281,0
175,336834,6599,330281,0
175,336834,6599,330281,0
175,336834,6599,330281,0
175,336834,6599,330281,0
175,336834,6599,330281,0
175,336834,6599,330281,0
175,336834,6599,330281,0
175,336834,6599,330281,0
175,336834,6599,330281,0
175,336834,6599,330281,0
175,336834,6599,330281,0
175,336834,6599,330281,0
175,336834,6599,330281,0
175,336834,6599,330281,0
175,336834,6599,330281,0
175,336834,6599,330281,0
175,336834,6599,330281,0
175,336834,6599,330281,0
175,336834,6599,330281,0
175,336834,6599,330281,0
175,336834,6599,330281,0
175,336834,6599,330281,0
175,336834,6599,330281,0
175,336834,6599,330281,0
175,336834,6599,330281,0
175,336834,6599,330281,0
175,336834,6599,330281,0
175,336834,6599,330281,0
175,336834,6599,330281,0
175,336834,6599,330281,0
175,336834,6599,330281,0
175,336834,6599,330281,0
175,336834,6599,330281,0
175,336834,6599,330281,0
175,336834,6599,330281,0
175,336834,6599,330281,0
175,336834,6599,330281,0
175,336834,6599,330281,0
175,336834,6599,330281,0
175,336834,6599,330281,0
175,336834,6599,330281,0
175,336834,6599,330281,0
175,336834,6599,330281,0
175,336834,6599,330281,0
175,336839,6605,330281,0
175,336839,6605,330281,0
175,336839,6605,330281,0
175,336839,6605,330281,0
173,336810,6587,330281,0
177,336825,6594,330281,0
175,336839,6561,330281,0
173,336818,6596,330281,0
173,336819,6597,330281,0
173,336817,6595,330281,0
173,336817,6595,330281,0
175,336834,6599,330281,0
173,336813,6590,330281,0
173,336812,6589,330281,0
173,336813,6590,330281,0
173,336812,6589,330281,0
175,336833,6598,330281,0
173,336812,6589,330281,0
173,336812,6589,330281,0
173,336812,6589,330281,0
173,336817,6595,330281,0
173,336812,6589,330281,0
173,336812,6589,330281,0
173,336812,6589,330281,0
173,336812,6589,330281,0
173,336810,6587,330281,0
173,336811,6588,330281,0
173,336814,6592,330281,0
174,336733,6493,330281,0
184,336815,6578,330281,0
173,336765,6486,330281,0
184,336820,6540,330281,0
177,336781,6548,330281,0
171,336788,6555,330281,0
171,336790,6557,330281,0
173,336817,6595,330281,0
177,336781,6554,330281,0
177,336782,6525,330281,0
173,336819,6597,330281,0
173,336819,6597,330281,0
173,336819,6597,330281,0
173,336818,6596,330281,0
173,336816,6594,330281,0
179,336780,6557,330281,0
173,336779,6499,330281,0
173,336812,6590,330281,0
175,336718,6494,330281,0
173,336819,6597,330281,0
173,336819,6597,330281,0
173,336818,6596,330281,0
173,336819,6597,330281,0
173,336817,6595,330281,0
175,336836,6602,330281,0
173,336819,6597,330281,0
173,336817,6595,330281,0
173,336818,6596,330281,0
175,336836,6602,330281,0
175,336836,6602,330281,0
173,336815,6593,330281,0
173,336813,6590,330281,0
175,336835,6601,330281,0
175,336833,6599,330281,0
175,336838,6604,330281,0
173,336812,6590,330281,0
175,336835,6601,330281,0
175,336837,6603,330281,0
173,336813,6591,330281,0
173,336806,6583,330281,0
173,336815,6593,330281,0
170,336805,6584,330281,0
173,336808,6585,330281,0
175,336778,6556,330281,0
185,336694,6515,330281,0
173,336792,6558,330281,0
173,336819,6597,330281,0
173,336792,6558,330281,0
173,336810,6587,330281,0
173,336818,6596,330281,0
173,336818,6596,330281,0
173,336817,6595,330281,0
173,336815,6593,330281,0
175,336835,6601,330281,0
173,336817,6595,330281,0
175,336835,6601,330281,0
173,336816,6594,330281,0
175,336777,6557,330281,0
173,336814,6592,330281,0
173,336763,6483,330281,0
171,336797,6564,330281,0
173,336819,6597,330281,0
173,336817,6595,330281,0
173,336817,6595,330281,0
173,336816,6594,330281,0
175,336834,6600,330281,0
174,336810,6554,330281,0
173,336815,6593,330281,0
182,336761,6481,330281,0
173,336819,6597,330281,0
173,336820,6598,330281,0
173,336818,6596,330281,0
173,336818,6596,330281,0
173,336812,6590,330281,0
173,336814,6592,330281,0
175,336832,6598,330281,0
173,336817,6595,330281,0
176,336838,6558,330281,0
173,336819,6597,330281,0
173,336818,6596,330281,0
173,336817,6595,330281,0
173,336817,6595,330281,0
181,336843,6563,330281,0
181,336822,6542,330281,0
172,336833,6554,330281,0
184,336755,6507,330281,0
169,336835,6556,330281,0
173,336818,6596,330281,0
173,336817,6595,330281,0
173,336816,6594,330281,0
179,336780,6550,330281,0
180,336717,6438,330281,0
173,336757,6528,330281,0
173,336818,6596,330281,0
173,336816,6593,330281,0
173,336817,6594,330281,0
175,336835,6600,330281,0
173,336815,6593,330281,0
173,336815,6593,330281,0
175,336836,6601,330281,0
173,336817,6595,330281,0
175,336839,6604,330281,0
175,336834,6599,330281,0
173,336812,6589,330281,0
175,336835,6600,330281,0
173,336810,6587,330281,0
169,336848,6569,330281,0
180,336819,6578,330281,0
175,336827,6592,330281,0
173,336816,6594,330281,0
163,336805,6577,330281,0
173,336803,6580,330281,0
180,336809,6568,330281,0
173,336818,6596,330281,0
187,336778,6539,330281,0
175,336824,6589,330281,0
180,336806,6565,330281,0
175,336824,6589,330281,0
173,336815,6593,330281,0
184,336821,6584,330281,0
178,336862,6583,330281,0
181,336780,6554,330281,0
176,336775,6547,330281,0
175,336792,6558,330281,0
170,336720,6462,330281,0
173,336818,6596,330281,0
173,336818,6596,330281,0
173,336816,6594,330281,0
173,336813,6590,330281,0
173,336813,6590,330281,0
173,336813,6590,330281,0
173,336813,6590,330281,0
173,336812,6589,330281,0
173,336812,6589,330281,0
185,336723,6561,330281,0
172,336715,6468,330281,0
173,336820,6598,330281,0
173,336818,6596,330281,0
173,336818,6596,330281,0
173,336815,6593,330281,0
173,336817,6595,330281,0
175,336833,6599,330281,0
173,336810,6587,330281,0
181,336806,6580,330281,0
173,336814,6592,330281,0
184,336714,6539,330281,0
171,336791,6558,330281,0
173,336820,6598,330281,0
173,336816,6594,330281,0
173,336816,6594,330281,0
173,336817,6595,330281,0
173,336815,6593,330281,0
173,336814,6592,330281,0
173,336812,6589,330281,0
173,336813,6590,330281,0
175,336837,6602,330281,0
175,336827,6592,330281,0
175,336835,6600,330281,0
173,336816,6593,330281,0
172,336841,6586,330281,0
173,336812,6589,330281,0
175,336830,6595,330281,0
173,336816,6594,330281,0
175,336824,6589,330281,0
173,336807,6584,330281,0
173,336804,6581,330281,0
180,336788,6547,330281,0
163,336798,6570,330281,0
173,336817,6595,330281,0
176,336770,6539,330281,0
180,336804,6563,330281,0
170,336849,6586,330281,0
175,336819,6584,330281,0
174,336798,6574,330281,0
179,336783,6561,330281,0
180,336746,6480,330281,0
171,336799,6566,330281,0
173,336820,6598,330281,0
173,336813,6590,330281,0
175,336832,6597,330281,0
173,336812,6589,330281,0
175,336832,6597,330281,0
173,336812,6589,330281,0
173,336812,6589,330281,0
173,336812,6589,330281,0
173,336812,6589,330281,0
175,336832,6597,330281,0
175,336832,6597,330281,0
175,336832,6597,330281,0
173,336802,6579,330281,0
174,336748,6506,330281,0
173,336819,6597,330281,0
173,336817,6595,330281,0
173,336817,6595,330281,0
173,336817,6595,330281,0
173,336811,6588,330281,0
174,336808,6552,330281,0
181,336730,6555,330281,0
