янв 3  2   1 -4 -7 -7 -9 -4  1 -2 -3 -6  1 1  1  1  1 2 -1 -9 -10 -8 -2 -2  0 -3 -2 -2 -1 0 1  
фев 1 -1 -1  -2 -5  1  1 -4 -10 1  1  1 -1 0 -3 -8 -3 3  4  2  4   4  3  2  2  4  4  2 
мар 2  2  3   3  2  2  2  8  5  4  3  2  3 4  3  5  5 6 13 10  7  -3  2  4 -1  2  3  5  4  5 8
апр 4  4  4   1  4  3  5  4  5  9 10 13  9 5  4  4  5 2  4  5  8   5  6  7  6 12 12 12 14 11
май 10 10 9  10 12 15 14 12 11 13 13 13 15 13  9 10 12 11  8 10 15 13 13 16 11 16 19 19 17 17 14
июн 18 17 20 16 14 18 17 19 17 14 13 17 21 20 17 16 15 18 19 19 22 21 20 18 20 18 17 17 20 21 
июл 19 21 26 21 20 18 18 21 21 19 16 15 16 17 19 20 19 22 19 18 19 17 20 19 20 24 20 19 18 20 19
авг 18 19 18 19 21 24 22 26 22 22 23 26 22 22 21 16 17 16 18 22 23 23 22 22 22 25 22 18 20 19 19
сен 19 18 18 18 18 18 17 13 14 17 18 18 17 16 18 17 20 23 14 16 17 16 16 18 16 14 13 12 13 12 
окт 12 14 11 13 7 6 8  7  4  5  6  7  8  9 10  8  8  8  7  5  4  4  5  8  8  7  7  2  4  4  5
ноя  8  9  9  8 5 5 4  7  4  5  5  5  4  4  1  0  3  4  4  3  3  3  1  0  1 -1  4  3  1  1
дек  1  2  5  5 7 9 5 2  6  6  6  2  1  1  2  2 -1  4  4  8  7  5  6  3  5  3 -2 -2 -3 -3 -3
2016
янв
фев 
мар
апр
май 
июн
июл
авг
сен 
окт 
ноя
дек

